              precision    recall  f1-score   support

           0       1.00      1.00      1.00        43
           1       1.00      0.95      0.97        41
           2       1.00      1.00      1.00        47
           3       1.00      1.00      1.00        47
           4       1.00      1.00      1.00        22
           5       1.00      1.00      1.00        46
           6       0.96      1.00      0.98        45
           7       1.00      1.00      1.00        41
           8       1.00      1.00      1.00        49

    accuracy                           0.99       381
   macro avg       1.00      0.99      0.99       381
weighted avg       0.99      0.99      0.99       381
