              precision    recall  f1-score   support

           0       1.00      0.02      0.04        48
           1       0.39      0.78      0.52        40
           2       0.62      0.12      0.20        42
           3       0.35      0.57      0.44        49
           4       0.26      0.67      0.38        43
           5       0.50      0.72      0.59        46
           6       0.21      0.08      0.12        38
           7       0.40      0.26      0.31        47
           8       0.80      0.24      0.37        50

    accuracy                           0.38       403
   macro avg       0.51      0.38      0.33       403
weighted avg       0.52      0.38      0.33       403
